273.15000     0.37986
274.15000     0.35181
275.15000     0.32427
276.15000     0.29722
277.15000     0.27067
278.15000     0.24459
279.15000     0.21899
280.15000     0.19386
281.15000     0.16918
282.15000     0.14495
283.15000     0.12115
284.15000     0.09778
285.15000     0.07483
286.15000     0.05228
287.15000     0.03012
288.15000     0.00835
289.15000    -0.01305
290.15000    -0.03409
291.15000    -0.05477
292.15000    -0.07512
293.15000    -0.09514
294.15000    -0.11485
295.15000    -0.13425
296.15000    -0.15336
297.15000    -0.17219
298.15000    -0.19074
299.15000    -0.20904
300.15000    -0.22709
301.15000    -0.24491
302.15000    -0.26250
303.15000    -0.27987
304.15000    -0.29705
305.15000    -0.31403
306.15000    -0.33083
307.15000    -0.34747
308.15000    -0.36394
309.15000    -0.38027
310.15000    -0.39646
311.15000    -0.41252
312.15000    -0.42846
313.15000    -0.44430
Ta       f(Ta)
---------------12---------------
0.19754
0.16949
275.15000     0.14195
276.15000     0.11490
277.15000     0.08834
278.15000     0.06227
279.15000     0.03667
280.15000     0.01154
281.15000    -0.01314
282.15000    -0.03737
283.15000    -0.06117
284.15000    -0.08454
285.15000    -0.10750
286.15000    -0.13004
287.15000    -0.15220
288.15000    -0.17397
289.15000    -0.19537
290.15000    -0.21641
291.15000    -0.23709
292.15000    -0.25744
293.15000    -0.27746
294.15000    -0.29717
295.15000    -0.31657
296.15000    -0.33568
297.15000    -0.35451
298.15000    -0.37306
299.15000    -0.39136
300.15000    -0.40941
301.15000    -0.42723
302.15000    -0.44482
303.15000    -0.46219
304.15000    -0.47937
305.15000    -0.49635
306.15000    -0.51316
307.15000    -0.52979
308.15000    -0.54626
309.15000    -0.56259
310.15000    -0.57878
311.15000    -0.59484
312.15000    -0.61078
313.15000    -0.62662

/////////////////
1               
2   2.69224
3   1.32824
4   0.66856
5   0.33317
6   0.16686
7   0.08336
8   0.04166
9   0.02084
10  0.01042
11  0.00521
12  0.00260
13  0.00130
14  0.00065
15  0.00033
16  0.00016
17  0.00008
18  0.00004
19  0.00002

